720575940602309600
720575940602953388
720575940603374624
720575940603446118
720575940603461478
720575940603511584
720575940603516006
720575940603605024
720575940603765937
720575940603768497
720575940603776702
720575940604191200
720575940604891522
720575940604926082
720575940605057922
720575940605244704
720575940605305010
720575940605999049
720575940606261084
720575940606279179
720575940606291211
720575940606343945
720575940606388060
720575940606526421
720575940606567125
720575940607045059
720575940607157955
720575940607695428
720575940607870749
720575940607910980
720575940608588408
720575940608612984
720575940608613934
720575940608664184
720575940608787413
720575940609116622
720575940609157074
720575940609187101
720575940609348676
720575940609647729
720575940609764721
720575940609787285
720575940610022642
720575940610138026
720575940610156697
720575940610186905
720575940610198442
720575940610219237
720575940610334634
720575940610366122
720575940610376658
720575940610595442
720575940610824214
720575940610883043
720575940610976739
720575940611025874
720575940611557357
720575940611759569
720575940611868825
720575940611871919
720575940611875503
720575940611900968
720575940612012207
720575940612312499
720575940612326654
720575940612387474
720575940612446866
720575940612469654
720575940612487574
720575940612508133
720575940612511894
720575940612683670
720575940612734570
720575940612824170
720575940612857055
720575940612869087
720575940613003487
720575940613066207
720575940613137375
720575940613206594
720575940613237654
720575940613262495
720575940613302431
720575940613533234
720575940613668845
720575940613725371
720575940613726150
720575940613726406
720575940613756347
720575940613770182
720575940613796806
720575940614001595
720575940614190709
720575940614413685
720575940614574166
720575940614609750
720575940614677307
720575940614697275
720575940614721110
720575940614796171
720575940615063711
720575940615088434
720575940615133789
720575940615134557
720575940615241940
720575940615242964
720575940615294609
720575940615295121
720575940615346617
720575940615354054
720575940615357585
720575940615360657
720575940615401945
720575940615411942
720575940615450854
720575940615465913
720575940615515537
720575940615634589
720575940615700820
720575940615719252
720575940615772706
720575940615810717
720575940615853851
720575940615861405
720575940615881501
720575940615903259
720575940615929373
720575940615961157
720575940615964485
720575940615965765
720575940616224576
720575940616261844
720575940616279872
720575940616356672
720575940616683678
720575940616709022
720575940616729211
720575940616878882
720575940616925819
720575940617244445
720575940617429208
720575940617446449
720575940617492939
720575940617567691
720575940617582107
720575940617597268
720575940617674053
720575940617686357
720575940617718864
720575940617867589
720575940617876455
720575940617884692
720575940617901447
720575940617940359
720575940617973524
720575940618002964
720575940618027143
720575940618029733
720575940618040997
720575940618051237
720575940618094356
720575940618095173
720575940618171073
720575940618206006
720575940618220480
720575940618261696
720575940618290523
720575940618339823
720575940618366447
720575940618375104
720575940618388463
720575940618398086
720575940618424235
720575940618473920
720575940618544622
720575940618586862
720575940618614254
720575940618671854
720575940618672806
720575940618705902
720575940618723303
720575940618724517
720575940618759078
720575940618922992
720575940618941025
720575940619003969
720575940619028144
720575940619035989
720575940619037342
720575940619095472
720575940619249648
720575940619286512
720575940619307504
720575940619361520
720575940619389680
720575940619421311
720575940619421823
720575940619492033
720575940619543120
720575940619617919
720575940619620596
720575940619625703
720575940619643771
720575940619668741
720575940619679111
720575940619685125
720575940619696133
720575940619800560
720575940619981550
720575940620097262
720575940620200413
720575940620245718
720575940620254796
720575940620275677
720575940620352109
720575940620357597
720575940620404044
720575940620724504
720575940620762723
720575940620771853
720575940620777315
720575940620797976
720575940620804109
720575940620862051
720575940620967679
720575940621068996
720575940621082623
720575940621153916
720575940621180457
720575940621219524
720575940621229962
720575940621254282
720575940621264010
720575940621322634
720575940621391850
720575940621445779
720575940621494561
720575940621521422
720575940621521678
720575940621522190
720575940621522446
720575940621761293
720575940621776135
720575940621840297
720575940622013257
720575940622021117
720575940622093832
720575940622104584
720575940622140680
720575940622153385
720575940622249736
720575940622328328
720575940622345471
720575940622385703
720575940622450924
720575940622517784
720575940622527015
720575940622568423
720575940622574823
720575940622638294
720575940622742286
720575940622788071
720575940622861326
720575940622877884
720575940622906189
720575940622929847
720575940622948028
720575940622949820
720575940622950844
720575940623013564
720575940623060924
720575940623135053
720575940623158154
720575940623225549
720575940623296333
720575940623532176
720575940623626288
720575940623753765
720575940623776458
720575940623801034
720575940623804106
720575940623856176
720575940623862590
720575940623887422
720575940623933626
720575940624049338
720575940624058549
720575940624082532
720575940624106340
720575940624107548
720575940624124956
720575940624211202
720575940624321538
720575940624372738
720575940624381315
720575940624433027
720575940624449881
720575940624604547
720575940624805765
720575940624813437
720575940624820861
720575940624840069
720575940624846039
720575940624851589
720575940624967305
720575940624968841
720575940624984378
720575940624999994
720575940625021573
720575940625029130
720575940625030922
720575940625063049
720575940625080197
720575940625083175
720575940625118138
720575940625145221
720575940625161349
720575940625175059
720575940625294674
720575940625340945
720575940625403409
720575940625431122
720575940625526805
720575940625588904
720575940625599304
720575940625632516
720575940625653391
720575940625727560
720575940625771780
720575940625804008
720575940625805288
720575940625864424
720575940625893372
720575940625897603
720575940625905660
720575940625907143
720575940625929671
720575940626022218
720575940626029693
720575940626057990
720575940626093386
720575940626097482
720575940626117904
720575940626163697
720575940626174193
720575940626182385
720575940626193168
720575940626217744
720575940626336784
720575940626348560
720575940626357865
720575940626393104
720575940626426654
720575940626484523
720575940626494210
720575940626551707
720575940626559055
720575940626613659
720575940626628507
720575940626866691
720575940626931708
720575940626995559
720575940627078650
720575940627087463
720575940627362715
720575940627386884
720575940627404154
720575940627425918
720575940627513210
720575940627575495
720575940627575596
720575940627585730
720575940627588218
720575940627588602
720575940627593978
720575940627594540
720575940627663872
720575940627675648
720575940627717676
720575940627748352
720575940627764780
720575940627768375
720575940627783223
720575940627816492
720575940627902268
720575940627903804
720575940627915580
720575940628074711
720575940628147671
720575940628251100
720575940628263388
720575940628265467
720575940628266235
720575940628268226
720575940628360812
720575940628373199
720575940628389883
720575940628463823
720575940628469967
720575940628494587
720575940628524150
720575940628557519
720575940628610647
720575940628628055
720575940628651369
720575940628701015
720575940628744023
720575940628952619
720575940628958405
720575940628959685
720575940628994063
720575940629017419
720575940629029647
720575940629043986
720575940629062162
720575940629134080
720575940629243434
720575940629273130
720575940629367352
720575940629371960
720575940629438531
720575940629548600
720575940629587011
720575940629593401
720575940629633536
720575940629797260
720575940629847436
720575940629859432
720575940629926284
720575940629943623
720575940629993007
720575940629999919
720575940630020639
720575940630042951
720575940630050335
720575940630060831
720575940630118186
720575940630127148
720575940630139556
720575940630159268
720575940630163281
720575940630169764
720575940630179579
720575940630216735
720575940630217503
720575940630384927
720575940630395852
720575940630790723
720575940630798893
720575940630839213
720575940630914733
720575940631028266
720575940631067347
720575940631092947
720575940631163091
720575940631454433
720575940631542753
720575940631616360
720575940631635271
720575940631689753
720575940631976544
720575940632163923
720575940632286816
720575940632607423
720575940632607935
720575940632615359
720575940632628122
720575940632676833
720575940632706970
720575940632737946
720575940632807263
720575940633009121
720575940633085463
720575940633125911
720575940633132055
720575940633136663
720575940633165816
720575940633178872
720575940633189624
720575940633196280
720575940633198615
720575940633199383
720575940633288372
720575940633296052
720575940633303988
720575940633304312
720575940633320628
720575940633354232
720575940633356280
720575940633366242
720575940633366498
720575940633426168
720575940633697903
720575940633726575
720575940633778551
720575940633807215
720575940634080887
720575940634087287
720575940634128247
720575940634407566
720575940634622103
720575940634963824
720575940635628516
720575940635630308
720575940635650276
720575940635847231
720575940635901274
720575940635931994
720575940636068270
720575940636643406
720575940636709958
720575940636822069
720575940636970830
720575940636985422
720575940636985934
720575940637005390
720575940637354355
720575940637415843
720575940637457571
720575940637507645
720575940637689728
720575940637915113
720575940637955968
720575940638065469
720575940638128198
720575940638446032
720575940638457552
720575940638631843
720575940638863093
720575940638991605
720575940639521902
720575940639574235
720575940639668688
720575940639764083
720575940639787630
720575940639792494
720575940639944077
720575940639950733
720575940640002071
720575940640012173
720575940640141965
720575940640271605
720575940641653920
720575940641791904
720575940641808328
720575940642609700
720575940642624292
720575940642829079
720575940643001288
720575940643209582
720575940644464919
720575940644648244
720575940644695860
720575940644994436
720575940645007748
720575940645084548
720575940645126020
720575940645150852
720575940647328889
720575940647412601
720575940647524473
720575940647547769
720575940647673721
720575940650268150
720575940652606881
720575940657606529
720575940657611393
720575940657630337
720575940657653633
